000000010400000000020000000000050407008000300001090000300400200050100000000806000
693784512487512936125963874932651487568247391741398625319475268856129743274836159
000000010400000000020000000000050604008000300001090000300400200050100000000807000
793684512486512937125973846932751684578246391641398725319465278857129463264837159
000000012000035000000600070700000300000400800100000000000120000080000040050000600
673894512912735486845612973798261354526473891134589267469128735287356149351947628
000000012003600000000007000410020000000500300700000600280000040000300500000000000
679835412123694758548217936416723895892561374735489621287956143961342587354178269
000000012040050000000009000070600400000100000000000050000087500601000300200000000
598463712742851639316729845175632498869145273423978156934287561681594327257316984
000000013000030080070000000000206000030000900000010000600500204000400700100000000
869725413512934687374168529798246135231857946456319872683571294925483761147692358
000000013000200000000000080000760200008000400010000000200000750600340000000008000
562874913839215647174639582345761298728953461916482375283196754651347829497528136
000000013000500070000802000000400900107000000000000200890000050040000600000010000
572649813986531472314872596238457961167298345459163287893726154741385629625914738
000000013000700060000508000000400800106000000000000200740000050020000400000010000
867942513254731968319568724532496871196827345478153296743689152621375489985214637
000000013000700060000509000000400900106000000000000200740000050080000400000010000
967248513254731869318569724835426971126987345479153286743692158681375492592814637
000000013000800070000502000000400900107000000000000200890000050040000600000010000
278649513956831472314572896532467981167298345489153267893726154741385629625914738
000000013020500000000000000103000070000802000004000000000340500670000200000010000
549728613328561497716493825183654972957832146264179358892347561671985234435216789
000000013040000080200060000906000400000800000000300000030100500000040706000000000
867459213549231687213768954986517432375824169421396875634172598158943726792685341
000000013040000090200070000607000400000300000000900000030100500000060807000000000
978654213546231798213879654697518432481326975325947186734182569159463827862795341
000000013200800000300000070000200600001000000040000000000401500680000200000070000
478526913219837456365149872793214685521968734846753129932481567687395241154672398
000000013400800000200000070000400900001000000060000000000501600380000200000070000
675924813413867592298153476732415968841396725569782134924531687387649251156278349
000000014008005000020000000000020705100000000000000800070000530600140000000200000
596782314318465279724319658943821765185976423267534891471698532652143987839257146
000000014008005000020000000000020805100000000000000700070000530600140000000200000
596872314318465279724319658943721865167598423285634791471986532652143987839257146
000000014008009000020000000000020805100000000000000700070000930600140000000200000
569872314318469257724315689943721865157986423286534791471658932692143578835297146
000000014700000000000500000090014000050000720000600000000900805600000900100000000
538279614762148593914536287296714358451893726873652149347921865625487931189365472
000000014790000000000200000000003605001000000000000200060000730200140000000800000
826375914795481326413269857942713685651928473387654291164592738238147569579836142
000000014970000000000200000000003605001000000000000200060000730200140000000800000
826375914975481326413269857742913685651728493389654271164592738238147569597836142
000000015000400070300060000800000200000104000400500000000023600010000000070000000
964237815182459376357861429891376254725184963436592187548723691219645738673918542
000000015000400070400000000609000300000100800000700000500030200000060040010000000
762389415395412678481675932679854321254193867138726594547931286823567149916248753
000000015000800070300000000408000300000100400000700000500040200000090060010000000
782463915945812673361975842478256391256139487139784526597641238823597164614328759
000000015000800070400000000609000300000100800000700000500030200000060040010000000
798342615365819472421675938679458321254193867183726594547931286832567149916284753
000000015000830000000000200023000800000001000080000000105040000000600720900000000
248967315516832947397154268423596871659781432781423596175249683834615729962378154
000000015000830000000000200026000800000001000080000000105040000000300720900000000
248967315517832946693154287426593871359781462781426593175249638864315729932678154
000000015000900070400000000608000300000100800000700000500030200000060040010000000
729348615836915472451672938678254391245193867193786524567431289982567143314829756
000000015000900070400000000609000300000100800000700000500030200000060040010000000
792348615836915472451672938679854321245193867183726594567431289928567143314289756
000000015000900080400000000704000300000100900000800000500030200000070060010000000
879362415635914782421785639784659321256143978193827546568431297942578163317296854
000000015040080000000000300000040260500107000900000000300500000080000400000900000
823479615145683792697251348718345269562197834934862571371524986289716453456938127
000000016000500040300070000900000200000408000700600000000023700040000000010000000
475239816892561347361874925954317268126498573738652491689123754547986132213745689
000000016040005000000020000000600430200010000300000500000003700100800000002000000
527438916841965273693721854718659432259314687364287591486193725175842369932576148
000000016070000040050200000400060300000005200000041000000900780100000000000000000
342579816978136542651284937497862351816395274523741698264913785189657423735428169
000000016070000040050200000400060300000008200000041000000500790100000000000000000
342875916879136542651294837487962351916358274523741689264513798195687423738429165
000000016200000000000300000601700002000900500400000000030000800000060040050040000
573489216249671358168325497681754932327916584495238671734192865812563749956847123
000000017090600000000000030400500200001000000000080000720000600000410500000003000
365942817197638452248175936436591278851726394972384165723859641689417523514263789
000000017090600000000000050200000803000050400000001000600200300041070000000000000
582493617197685234463127958215749863876352491934861725658214379341976582729538146
000000017090800000000000040007060300050000200000001000600300800401000000000050000
548623917196847523723195648917462385354978261862531479675314892431289756289756134
000000018020500000000000000040000700600000500000041000000700260108300000400000000
596472318321586479784193625843265791619837542257941836935718264168324957472659183
000000018050600000000000030400500200001000000000090000820000600000410700000003000
369742518158639472247185936436571289971826354582394167823957641695418723714263895
000000018200400000000000070000008003000500200010000000502000600000040300000017000
746352918281479536359186472425768193967531284813924765572893641198645327634217859
000000019000250000000000000091000030000400700030000000400000208200060500000001000
325748619146259387978136452591672834862413795734985126413597268289364571657821943
000000019070000030200800000050600200001000000000200000000019500600000400000030000
568342719974165832213897645357681294821974356496253187782419563639528471145736928
000000021000407000000008000031060000000000750020000000500210000400000800000300000
978653421316427598254198367731562984649831752825749136583214679462975813197386245
000000021040600000000000000201000050500800000000400300700020000060000800000300400
897543621342617589615289743281736954534891267976452318758924136463175892129368475
000000021060500000000090000400002000070000300000600000102400000000030640800000000
753846921961523487284197536415372869678914352329685174132468795597231648846759213
000000021060700000000000000402000000000600300500000700000340050080000600100002000
759436821861725493324198576472983165918657342536214789697341258283579614145862937
000000021070030000000040000100205040030000800000100000200600000000070300600000000
389756421471932658526841937168295743932467815745183296293618574814579362657324189
000000021070030000000090000100205040030000800000100000200600000000070300600000000
348756921971432658526891437169285743432967815785143296293618574814579362657324189
000000021070300000000000000402000000000700300600000800000540060090000500100002000
368457921971326458524189637452938176819765342637214895783541269296873514145692783
000000021090300000000000000402000000000700300600000700000540060080000500100002000
367459821891326475524178693472893156918765342653214789739541268286937514145682937
000000021090700000000000000000514000630000000000002000000600930001040000200000800
758439621194726358326158497879514263632897145415362789547681932981243576263975814
000000021300700000000000000060500300020000070000000800100040700500012000000006000
687453921351729684294168537769581342825634179413297856132945768576812493948376215
000000021300800000000000000060500700020000040000000300100040800500012000000006000
678453921351829674294167538463591782725638149819274356132945867586712493947386215
000000021400300000000000000000010600080000300020007000600000470500120000000800000
837469521451382769269751843743918652186245397925637184612593478578124936394876215
000000021400600000000000000000012800609000000000030000510000030000709600020000000
865347921472691358193285476754912863639578142281436597517864239348729615926153784
000000021400600000000000000000012900706000000000030000510000030000807600020000000
965348721482671359173295486854712963736589142291436578518964237349827615627153894
000000021430000000600000000201500000000006370000000000068000400000230000000070000
857349621432861597619752843271583964945126378386497215768915432194238756523674189
000000021503000000600000000000104060700000500000200000000480300010070000200000000
879543621523716489641829735385194267792638514164257893956481372418372956237965148
000000021600000030070900000000043700100000000000020000000600008002100000040000500
589437621614285937273916485928543716137869254456721893395672148862154379741398562
000000021700060000490000000000070900003800000020000000960000800000302000000100000
356948721712563489498721356184275963673819245529634178961457832845392617237186594
000000021700600000300500000000082000040010000500000000020040000000300700000000650
456879321712634589389521467963482175248715936571963248625147893894356712137298654
000000021750000000000000000070000890000201000000400000030090500100030000400000600
896547321752913486314826957271365894943281765568479132637192548185634279429758613
000000021800600000000050000030102000500000840000000000000780500620000000004000000
356897421849621375271453698438172956512936847967548213193784562625319784784265139
000000021800700000400005000023000060000800500010000000600000700000081000000030000
375948621861723495492165387923574168746812539518396274684259713237481956159637842
000000023000500080000100000020000900000400100580000000600009500000020070001000000
715984623936572481248163795124357968367498152589216347672839514453621879891745236
000000023010040000500000000100000400000200080000803000000050160040000700003000000
497185623312649857586732941138596472975214386264873519829357164641928735753461298
000000023010040000500000000100000400000200080000903000000050160040000700003000000
487195623319642857526738941132586479975214386864973512298357164641829735753461298
000000023010040000500000000100000400000600090000203000000050170040000800003000000
498165723312749658567832941136597482285614397974283516629358174741926835853471269
000000023010800000000000060300020000050000700000400000000507100002010000600000400
785641923916832547423759861347128659258396714169475238834567192572914386691283475
000000023080000070400020000030002000000000401000060500100000600000807000000300000
659478123382651974417923865534182796726539481891764532173295648265847319948316257
000000023080000070500090000030002000000000401000060500100000600000807000000300000
649578123382641975517293864435182796726935481891764532173429658264857319958316247
000000023400800000100000900050032000000000400000060000000401800030000050000900000
789645123423819567165327948854732691316598472297164385672451839931286754548973216
000000023400800000100000900050032000000000400000070000000401800030000060000900000
689745123423819675175326948854132796317698452296574381762451839931287564548963217
000000024000010000000000080107000900300800100000200000020400060500070300000000000
819365724254718693736924581187546932342897156695231478921453867568172349473689215
000000024000010000000000080307000100100800500000200000020400060500070300000000000
815369724294718653736524981387645192142897536659231478921453867568172349473986215
000000024000080010600005000000300700040700000010000000000040501300600000200000000
175936824439287615628415379562391748943728156817564293796842531351679482284153967
000000024007000000006000000500090100000300600020000000940000050000607300000800000
835176924417982563296435817564798132781324695329561478948213756152647389673859241
000000024010008000000070000600201500400000003000000000070000810500430000000000000
865193724712648359943572681639281547428759163157364298374925816581436972296817435
000000024010300000060000000050000300000082000700000000400100500200000063008000000
387615924912348657564279831851467392643982715729531486496123578275894163138756249
000000025000000070800000000600000103000070400000020000053100000020005000000600300
364718925295463871817259634672594183539871462148326597953187246426935718781642359
000000025000800010400000000050000700000300600010000000600020400800007000000015000
169743825573862914482591376356184792247359681918276543631928457825437169794615238
000000025000800010900000000050000700000300900010000000600020400800007000000015000
146793825573842619982561374359186742267354981418279563631928457825437196794615238
000000026040700000000000001000900800400000500001000000000012050070000300300060000
718593426642781935539246781263975814497128563851634279984312657176859342325467198
000000026800700000000000005700030100000006500000020000026400000000000810030000000
951348726842765391673291485765839142284176539319524678126483957497652813538917264
000000027000051000000000600504000100000200000300000000020740000060000039000000500
651489327273651948849372651594837162716295483382164795925743816467518239138926574
000000027010900000500000060000300400600000050000000008049000100000026000000000300
934651827816972534527843961152368479698714253473295618249537186381426795765189342
000000027010900000500000060000300400600000050000000008094000100000026000000000300
439615827816972534527843961152368479648791253973254618294537186381426795765189342
000000027040800000000000001000400900600000500001000000000012050080000300300070000
819536427742891635536247891273485916698123574451769283964312758187954362325678149
000000027300000040100000000000605100000100500040000000070040030008000600000020000
864513927352769841197482356239675184786134592541298763675941238428357619913826475
000000028000070040000300000074000050000600300000001000630000100200040000000000600
391465728856172943742398561174839256928654317563721489635287194217946835489513672
000000028030000050600000000100050604000062000000000700028000000000700300000100000
417536928239478156685219473192857634374962815856341792728693541561724389943185267
000000028070009000000000003000302000040000500000000000800050100000040760300600000
431765928278439651596128473915372846743986512682514397864257139129843765357691284
000000029000730000000050080000600700082000000000000100400100600000002050100000000
857416329249738516361259487914625738682371945573894162425187693736942851198563274
000000029000730000000400060203000400000100300600000000080050100000002000010000000
364581729829736541157429863273895416598164372641273958982657134435912687716348295
000000029000730000000400060208000300000100500600000000070050100000002000010000000
763581429429736851185429763248975316937168542651243987372654198894312675516897234
000000029000830000000400070203000600000100300700000000040050100000002000010000000
378561429429837561156429873283945617594176382761283945942758136835612794617394258
000000029000830000000400070203000600000100300700000000080050100000002000010000000
378561429429837561156429873243985617895176342761243985982754136534612798617398254
end
end